26 рту 2021 у. 8:48
5,0 45 Hardware 2 0,000 V OFF 2 0,000 V 0 - 2000 MID 0.02
0,008565 1,573779 571,722534 5,025441 0,012379 0,000002 6,668255 
0,009749 1,392869 571,854126 5,088562 0,010406 0,000013 6,251614 
0,180265 13,332937 572,051453 5,071951 0,010406 0,000098 5,915699 
0,214210 15,322949 571,985657 5,081918 0,020273 0,000919 5,672293 
0,249735 17,855690 572,051453 5,048696 0,022247 0,000368 5,451911 
0,271049 19,483881 571,656738 5,052019 0,018957 0,000148 5,251265 
0,293153 21,292982 571,985657 5,068629 0,021589 0,000064 5,067065 
0,326704 23,463905 571,854126 5,058663 0,018957 0,000034 4,889444 
0,351176 26,177557 571,919861 5,068629 0,022247 0,000018 4,741427 
0,385516 28,710297 571,854126 5,028763 0,021589 0,000014 4,596699 
0,410778 30,519398 571,919861 5,032085 0,022904 0,000012 4,471706 
0,448275 33,233051 571,985657 5,045374 0,018300 -0,000004 3,997400 
0,479458 36,127613 572,314575 5,088562 0,021589 0,000019 4,241456 
0,513008 38,660355 572,117249 5,128428 0,022247 0,000013 4,136200 
0,557611 42,278557 571,985657 5,135073 0,028826 0,001346 4,053967 
0,598661 45,896759 572,248779 5,155005 0,032773 0,000529 3,949158 
0,636159 49,514961 572,117249 5,178261 0,039351 0,001479 3,843901 
0,680761 53,494987 572,051453 5,191549 0,041325 0,000568 3,738644 
0,715891 56,751369 572,248779 5,248026 0,053166 0,001404 3,633387 
0,760099 60,912300 572,051453 5,274603 0,049219 0,000535 3,536901 
0,810622 64,711418 572,183044 5,291214 0,062376 0,001580 3,466729 
0,863908 69,776894 572,314575 5,297859 0,062376 0,000623 3,392173 
0,907327 75,566017 572,248779 5,331080 0,072902 0,001440 3,335159 
0,968507 80,269684 572,117249 5,354336 0,070929 0,000563 3,282531 
1,028109 85,877899 572,248779 5,407490 0,079480 0,001615 3,234287 
1,084947 91,847931 572,183044 5,400846 0,080138 0,000637 3,186046 
1,144549 98,360695 571,985657 5,434068 0,083427 0,000255 3,155345 
1,210072 104,330734 571,854126 5,450678 0,089349 0,001492 3,115874 
1,254279 111,205315 571,985657 5,460645 0,088691 0,000573 3,089559 
1,334801 118,984451 571,656738 5,470612 0,091980 0,000230 3,054474 
1,396376 126,763588 572,248779 5,493867 0,090664 0,000092 3,036931 
1,444926 134,000000 572,183044 5,517122 0,093296 0,000043 3,032545 
1,498212 141,598206 571,985657 5,517122 0,090007 0,000025 3,032545 
1,558603 149,377350 571,919861 5,510478 0,091980 0,000017 3,036931 
1,617810 158,603775 572,380371 5,553666 0,091322 0,000013 3,045703 
1,685701 167,468369 572,183044 5,540377 0,090664 0,000016 3,058861 
1,716094 172,533844 572,511963 5,560310 0,093296 0,000016 3,076402 
1,759118 179,408432 572,117249 5,583565 0,092638 0,000016 3,080789 
1,784774 184,654831 572,314575 5,600176 0,090664 0,000016 3,085174 
1,804510 187,911209 572,051453 5,610143 0,090007 0,000017 3,072016 
1,844376 194,604889 572,248779 5,610143 0,091322 0,000017 3,058861 
1,877137 200,213104 571,985657 5,633398 0,091322 0,000017 3,041318 
1,903977 205,640411 572,248779 5,646687 0,092638 0,000016 3,006232 
1,930423 210,344070 572,051453 5,669942 0,089349 0,000018 2,984302 
1,967526 216,495026 572,117249 5,673264 0,091980 0,000021 2,949217 
1,991999 222,465057 572,183044 5,679908 0,089349 0,000019 2,900975 
2,024760 226,083252 572,183044 5,716452 0,092638 0,000019 2,857117 
2,056337 233,138763 572,051453 5,733063 0,091980 0,000023 2,817646 
2,090677 238,023331 571,919861 5,762962 0,092638 0,000023 2,769403 
2,124228 244,355179 571,985657 5,769607 0,087375 0,000021 2,729932 
2,168436 251,229767 571,854126 5,802828 0,092638 0,000022 2,686075 
2,196855 257,018890 572,248779 5,796184 0,092638 0,000019 2,659760 
2,224485 262,265289 571,919861 5,806151 0,093296 0,000022 2,615904 
2,258035 268,778046 571,985657 5,852661 0,088691 0,000018 2,580818 
2,288428 274,928986 571,919861 5,852661 0,091980 0,000017 2,563276 
2,328689 282,346313 572,117249 5,889205 0,093296 0,000018 2,532575 
2,370529 290,125458 572,051453 5,925748 0,091322 0,000013 2,519418 
2,408816 296,457306 572,380371 5,949004 0,089349 0,000012 2,493104 
2,445130 305,140991 572,117249 5,949004 0,091980 0,000009 2,475561 
2,481443 312,196503 571,854126 5,978903 0,090664 0,000012 2,475561 
2,516968 319,251984 572,051453 6,012125 0,090007 0,000012 2,484332 
2,561175 326,850189 572,446167 6,042024 0,091322 0,000013 2,488719 
2,597884 335,533905 572,248779 6,061957 0,091322 0,000013 2,515033 
2,626303 343,493927 571,525146 6,065280 0,088691 0,000014 2,545733 
2,670906 351,996704 572,117249 6,095179 0,090007 0,000018 2,558889 
2,711167 359,233124 571,919861 6,128401 0,092638 0,000017 2,576432 
2,753401 369,002258 572,051453 6,148334 0,092638 0,000018 2,589589 
2,783005 376,781403 572,314575 6,141690 0,090007 0,000019 2,580818 
2,829581 385,645996 572,117249 6,201488 0,091322 0,000018 2,567661 
2,689852 366,650452 582,182434 6,198166 0,092638 0,000019 2,580818 
2,497626 338,790283 592,050293 6,168267 0,091322 0,000021 2,563276 
2,382765 323,232025 597,181580 6,138367 0,091980 0,000019 2,523803 
2,312901 312,196503 600,207703 6,138367 0,090007 0,000018 2,484332 
2,334610 315,452881 602,247070 6,164945 0,087375 0,000017 2,436090 
2,414342 330,106598 603,233887 6,188200 0,089349 0,000012 2,379075 
2,443156 335,714813 606,852051 6,188200 0,089349 0,000012 2,335219 
2,451050 338,428467 610,404480 6,188200 0,089349 0,000013 2,300133 
2,450655 338,609375 614,877930 6,201488 0,090664 0,000016 2,260662 
2,444735 338,971191 619,022400 6,184877 0,090007 0,000014 2,212419 
2,452235 340,237579 622,706421 6,201488 0,091980 0,000013 2,186105 
2,446708 341,865753 626,982483 6,198166 0,092638 0,000013 2,146633 
2,462497 345,122131 630,863831 6,188200 0,082112 -0,000734 2,098391 
2,473549 347,473969 635,139893 6,194844 0,081454 -0,000705 2,058919 
2,481443 349,283081 639,218628 6,194844 0,079480 -0,000258 2,010677 
2,470391 349,102173 643,428894 6,201488 0,082112 -0,000088 1,994470 
2,477891 351,273071 647,639160 6,238032 0,080138 -0,000029 1,985698 
2,484601 352,720367 652,046814 6,214777 0,082112 -0,000006 1,975465 
2,482627 352,901276 656,520264 6,231388 0,082770 0,000010 1,966694 
2,490916 355,795837 660,862122 6,218099 0,081454 0,000013 1,957191 
2,499600 357,966766 664,217163 6,228066 0,081454 0,000006 1,946958 
2,499600 359,594971 669,019531 6,221422 0,080796 0,000013 1,933801 
2,509468 362,127716 673,229858 6,224744 0,081454 0,000010 1,924299 
2,511836 362,127716 677,505920 6,234711 0,075534 -0,000721 1,912603 
2,517362 364,117706 681,847778 6,228066 0,072245 -0,000750 1,901639 
2,524862 366,650452 685,794922 6,224744 0,073560 -0,000269 1,893599 
2,532756 368,459564 689,939392 6,231388 0,071587 -0,000091 1,886289 
2,537493 369,545013 694,675964 6,228066 0,072902 -0,000021 1,876787 
2,528809 370,449554 698,886230 6,238032 0,068297 0,000004 1,867284 
2,538677 372,439575 703,096558 6,238032 0,071587 0,000017 1,857051 
2,543808 374,067780 707,372620 6,224744 0,073560 0,000019 1,849742 
2,552886 375,876862 711,911804 6,247999 0,072902 0,000021 1,840239 
2,555649 377,324158 716,056335 6,254643 0,069613 0,000022 1,832199 
2,558018 377,505035 720,135071 6,261288 0,068954 0,000023 1,826351 
2,558018 379,675964 724,476929 6,251321 0,070271 0,000021 1,822696 
2,564333 381,123260 728,687195 6,257966 0,065665 -0,000499 1,815387 
2,573017 384,741455 732,831726 6,254643 0,061061 -0,000682 1,811001 
2,589200 387,636047 736,581482 6,261288 0,057772 -0,000495 1,808077 
2,591963 388,359680 740,594421 6,261288 0,061061 -0,000178 1,805154 
2,584464 387,997864 745,857300 6,244677 0,060403 -0,000053 1,803692 
2,593147 390,530609 749,409729 6,251321 0,060403 -0,000004 1,803692 
2,604989 393,244263 753,488464 6,257966 0,061061 0,000013 1,802961 
2,603410 393,244263 758,225037 6,257966 0,062376 0,000018 1,805885 
2,609330 395,053345 762,303711 6,257966 0,061061 0,000022 1,803692 
2,623146 397,766998 766,382446 6,261288 0,059087 0,000023 1,808077 
2,619593 398,490631 770,263794 6,261288 0,061061 0,000023 1,808809 
2,629461 400,480652 774,868835 6,261288 0,059745 0,000023 1,811732 
2,635776 402,651550 778,947571 6,251321 0,062376 0,000023 1,816118 
2,643671 403,737030 783,157837 6,261288 0,063692 0,000021 1,821235 
2,659459 407,174347 787,039185 6,251321 0,063692 0,000022 1,827813 
2,659065 407,174347 791,512573 6,231388 0,060403 0,000021 1,832199 
2,655907 408,259796 795,722900 6,228066 0,061718 0,000021 1,838047 
2,660643 409,345245 799,933167 6,194844 0,062376 0,000019 1,843163 
2,680774 413,144379 803,748779 6,204811 0,061061 0,000017 1,849011 
2,690247 415,677124 808,156372 6,178233 0,059745 0,000014 1,854127 
2,687878 415,315308 812,169373 6,158300 0,061718 0,000013 1,859244 
2,693010 417,124359 816,379639 6,141690 0,061061 0,000010 1,867284 
2,707614 418,933472 820,589905 6,101823 0,063692 0,000013 1,874594 
2,711561 421,285339 824,734375 6,075246 0,059087 0,000016 1,887751 
2,721035 422,370789 829,142090 6,048669 0,059087 0,000021 1,895061 
2,724192 422,551697 833,089233 5,985548 0,063034 0,000023 1,904563 
2,732086 424,722626 837,431030 5,955648 0,061061 0,000023 1,915527 
2,753006 427,617187 841,444031 5,885882 0,059087 0,000027 1,922837 
2,766426 429,968994 845,062256 5,862628 0,059087 0,000210 1,932339 
2,769979 432,139923 849,667236 5,789540 0,064350 0,000579 1,940380 
2,777084 432,320862 854,403870 5,726418 0,071587 0,000727 1,950613 
2,787741 434,672668 858,022034 5,666619 0,069613 0,000338 1,958653 
2,809450 437,929077 862,166626 5,610143 0,071587 0,000134 1,968156 
2,818134 438,471771 866,508362 5,517122 0,072245 0,000059 1,979851 
2,825634 440,100006 870,521362 5,454001 0,070929 0,000029 1,988622 
2,846553 443,356354 874,139587 5,380913 0,066981 0,000018 1,998856 
2,856816 443,718170 878,744629 5,304503 0,071587 0,000014 2,050148 
2,867868 444,984558 883,152222 5,211483 0,071587 0,000014 2,094004 
2,885630 448,240936 887,099365 5,158328 0,072245 0,000016 2,137862 
2,898261 449,326416 891,572876 5,125106 0,081454 0,001426 2,186105 
2,911681 451,135529 895,585754 5,098528 0,078823 0,000727 2,234347 
2,923522 452,582764 899,401367 5,065307 0,088033 0,001208 2,269433 
2,948784 457,467377 903,151123 5,055340 0,109084 0,003017 2,335219 
2,962994 459,457367 907,624512 5,065307 0,131452 0,003943 2,370304 
2,958257 459,095551 912,295349 5,065307 0,161713 0,005413 2,418548 
2,955889 460,181000 916,110962 5,085240 0,199869 0,006331 2,449246 
2,962994 463,256470 920,387085 5,121784 0,231446 0,006915 2,493104 
2,977993 466,151031 924,465759 5,151683 0,270260 0,007524 2,550118 
2,984308 468,321960 928,347107 5,198194 0,314337 0,007868 2,602747 
2,989440 469,588318 932,491577 5,224771 0,358413 0,008880 2,659760 
2,987861 470,673798 937,162415 5,234737 0,405779 0,009580 2,708004 
2,995361 473,025635 941,241150 5,277926 0,455118 0,009608 2,751860 
3,006018 477,186584 945,056702 5,277926 0,505116 0,010349 2,817646 
3,012333 477,910217 949,267029 5,294537 0,564981 0,010960 2,870275 
3,012728 479,538391 953,411560 5,334403 0,622214 0,011197 2,940446 
3,030095 484,242065 957,358765 5,377591 0,680106 0,011861 3,010617 
3,034042 485,870270 961,042664 5,364302 0,743918 0,012207 3,098331 
3,039568 488,222107 965,647705 5,407490 0,807732 0,012931 3,164116 
3,049042 490,935730 969,134338 5,394202 0,880754 0,013662 3,251830 
3,058515 493,830292 973,278931 5,427423 0,951802 0,014079 3,335159 
3,071146 496,543945 977,620789 5,437390 1,030087 0,015167 3,440416 
3,060093 495,458496 981,699463 5,460645 1,110347 0,015875 3,541288 
3,064435 498,353058 985,844055 5,470612 1,187317 0,016599 3,668473 
3,078645 501,609436 989,988525 5,483900 1,279417 0,017337 3,786886 
3,092855 505,770355 993,738281 5,497189 1,370202 0,017795 3,914073 
3,085750 505,589478 997,882812 5,490544 1,468223 0,018753 4,044100 
3,123248 513,549500 1001,106384 5,483900 1,565586 0,019973 4,152647 
3,124432 514,815918 1005,908691 5,480578 1,674791 0,021679 4,274350 
3,120485 516,263184 1010,711121 5,523766 1,794521 0,022809 4,405921 
3,132326 518,434082 1014,263550 5,513800 1,912279 0,022984 4,534202 
3,137852 521,509583 1018,473816 5,556988 2,008985 0,021642 4,675642 
3,139431 524,223206 1022,684082 5,583565 2,089901 0,017953 4,810502 
3,155614 527,660522 1026,762817 5,650009 2,131347 0,012299 4,961808 
3,165087 530,193298 1030,710083 5,663298 2,151082 0,006793 5,109827 
3,174166 532,906921 1034,986084 5,699841 2,162924 0,003544 5,274290 
3,182849 535,258728 1039,393677 5,736385 2,170818 0,002310 5,438754 
3,186007 538,696045 1043,538330 5,729741 2,180028 0,002240 5,636111 
3,205743 541,952393 1047,616943 5,736385 2,180686 0,000879 5,833467 
3,206927 543,399719 1051,629883 5,743029 2,180028 0,000358 6,058642 
3,229426 547,922485 1055,577148 5,719774 2,190554 0,001300 6,356869 
3,224689 547,741516 1060,510986 5,733063 2,191870 0,000796 6,677027 
3,229426 549,007935 1065,181885 5,752996 2,192528 0,000331 7,010339 
3,242057 550,817017 1069,194824 5,736385 2,189897 0,000143 7,321725 
3,262187 555,701599 1072,878784 5,733063 2,191212 0,000080 7,619954 
3,276791 559,138855 1076,891724 5,729741 2,197790 0,001196 7,953266 
3,284686 560,586121 1081,628296 5,739707 2,197790 0,000744 8,273424 
3,285080 560,947998 1086,101807 5,699841 2,197133 0,000310 8,584808 
3,282317 560,586121 1090,312134 5,713130 2,199106 0,000134 8,891807 
3,292580 563,480713 1094,193481 5,699841 2,210290 0,001601 9,190037 
3,320210 567,822571 1098,074829 5,706486 2,210290 0,000659 9,479493 
3,325341 569,993469 1102,811401 5,699841 2,211605 0,000268 9,768949 
3,334419 571,621643 1107,350586 5,703163 2,210948 0,000117 10,081032 
3,341130 573,249939 1111,297852 5,749673 2,210948 0,000060 10,475743 
3,362839 578,315369 1115,113403 5,726418 2,208316 0,000039 10,870455 
3,367181 578,858093 1119,586792 5,743029 2,208316 0,000031 11,232279 
3,374286 581,209900 1124,323486 5,729741 2,208974 0,000027 11,561206 
3,371128 581,209900 1128,139038 5,736385 2,208316 0,000025 11,883557 
3,400732 586,999023 1131,823120 5,762962 2,210290 0,000022 12,133539 
3,414941 590,436340 1135,967529 5,799507 2,211605 0,000026 12,330897 
3,421257 592,245422 1140,572632 5,809473 2,211605 0,000025 12,475627 
3,415336 592,426392 1145,177612 5,859305 2,210948 0,000025 12,607196 
3,413757 592,607300 1149,716797 5,852661 2,212263 0,000023 12,659824 
3,413757 593,873657 1153,992920 5,892527 2,210948 0,000025 12,699297 
3,422441 595,320984 1157,940063 5,925748 2,210948 0,000025 12,705877 
3,457570 599,481873 1161,821411 5,939037 2,208974 0,000022 12,699297 
3,480464 604,547363 1165,176636 6,018769 2,210290 0,000023 12,666405 
2,435262 352,358521 1169,781616 5,952326 2,210948 0,000016 12,640088 
0,047642 4,106521 1159,124268 4,892554 2,256998 0,005392 12,271688 
0,014486 -1,139872 1121,823608 4,812822 2,308969 0,008199 11,377004 
0,008170 -1,682603 1079,983765 4,816144 2,339231 0,007114 10,127080 
