['26.авг.02', '021', 'г.', '8:', '48']
['5,0', '45', '0', '1', '0,000', 'V', '0', '1', '0,0', '00', 'V', '2', '1', '6']
0.008564   1.57355  571.7226 5.025437 0.012378  0.000002 6.660428
0.009749   1.39260  571.8542 5.088562 0.010406  0.000013 6.547936
0.180265  13.33310  572.0514 5.071947 0.010406  0.000098 6.449652
0.214211  15.32300  571.9856 5.081916 0.020274  0.000919 6.362024
0.249734  17.85575  572.0514 5.048697 0.022248  0.000368 6.282688
0.271049  19.48375  571.6568 5.052020 0.018958  0.000148 6.210457
0.293153  21.29325  571.9856 5.068624 0.021590  0.000064 6.144145
0.326704  23.46410  571.8542 5.058666 0.018958  0.000034 6.080198
0.351176  26.17780  571.9198 5.068624 0.022248  0.000018 6.026915
0.385516  28.71055  571.8542 5.028760 0.021590  0.000014 5.974812
0.410778  30.51950  571.9198 5.032083 0.022904  0.000012 5.929816
0.448276  33.23320  571.9856 5.045374 0.018300 -0.000004 5.759298
0.479458  36.12785  572.3146 5.088562 0.021590  0.000019 5.846926
0.513008  38.66060  572.1172 5.128426 0.022248  0.000013 5.809032
0.557611  42.27850  571.9856 5.135072 0.028826  0.001346 5.779429
0.598661  45.89695  572.2488 5.155010 0.032774  0.000529 5.746273
0.636158  49.51485  572.1172 5.178260 0.039352  0.001479 5.717855
0.680761  53.49520  572.0514 5.191552 0.041324  0.000568 5.689433
0.715891  56.75120  572.2488 5.248031 0.053166  0.001404 5.661014
0.760099  60.91250  572.0514 5.274604 0.049220  0.000535 5.634965
0.810622  64.71135  572.1830 5.291218 0.062376  0.001580 5.616018
0.863908  69.77685  572.3146 5.297854 0.062376  0.000623 5.595887
0.907326  75.56615  572.2488 5.331083 0.072902  0.001440 5.580493
0.968507  80.26975  572.1172 5.354333 0.070928  0.000563 5.566284
1.028108  85.87810  572.2488 5.407490 0.079480  0.001615 5.553259
1.084948  91.84780  572.1830 5.400844 0.080138  0.000637 5.540231
1.144549  98.36090  571.9856 5.434073 0.083428  0.000255 5.531944
1.210072 104.33060  571.8542 5.450677 0.089348  0.001492 5.521288
1.254280 111.20505  571.9856 5.460646 0.088690  0.000573 5.514181
1.334801 118.98425  571.6568 5.470614 0.091980  0.000230 5.504710
1.396376 126.76345  572.2488 5.493865 0.090664  0.000092 5.499972
1.444926 133.99980  572.1830 5.517125 0.093296  0.000043 5.498788
1.498212 141.59805  571.9856 5.517125 0.090006  0.000025 5.498788
1.558603 149.37725  571.9198 5.510479 0.091980  0.000017 5.499972
1.617810 158.60350  572.3804 5.553667 0.091322  0.000013 5.502341
1.685701 167.46840  572.1830 5.540375 0.090664  0.000016 5.505894
1.716094 172.53390  572.5120 5.560313 0.093296  0.000016 5.510628
1.759117 179.40835  572.1172 5.583563 0.092638  0.000016 5.511812
1.784774 184.65480  572.3146 5.600177 0.090664  0.000016 5.512997
1.804510 187.91135  572.0514 5.610146 0.090006  0.000017 5.509444
1.844376 194.60485  572.2488 5.610146 0.091322  0.000017 5.505894
1.877137 200.21320  571.9856 5.633396 0.091322  0.000017 5.501156
1.903978 205.64060  572.2488 5.646688 0.092638  0.000016 5.491681
1.930423 210.34420  572.0514 5.669938 0.089348  0.000018 5.485763
1.967526 216.49485  572.1172 5.673261 0.091980  0.000021 5.476288
1.991999 222.46510  572.1830 5.679907 0.089348  0.000019 5.463263
2.024760 226.08300  572.1830 5.716448 0.092638  0.000019 5.451422
2.056337 233.13895  572.0514 5.733063 0.091980  0.000023 5.440763
2.090677 238.02350  571.9198 5.762959 0.092638  0.000023 5.427738
2.124228 244.35510  571.9856 5.769605 0.087374  0.000021 5.417082
2.168436 251.22955  571.8542 5.802824 0.092638  0.000022 5.405242
2.196854 257.01885  572.2488 5.796188 0.092638  0.000019 5.398135
2.224484 262.26530  571.9198 5.806147 0.093296  0.000022 5.386295
2.258035 268.77785  571.9856 5.852657 0.088690  0.000018 5.376820
2.288429 274.92905  571.9198 5.852657 0.091980  0.000017 5.372086
2.328689 282.34635  572.1172 5.889209 0.093296  0.000018 5.363795
2.370529 290.12555  572.0514 5.925751 0.091322  0.000013 5.360242
2.408816 296.45715  572.3804 5.949001 0.089348  0.000012 5.353139
2.445130 305.14110  572.1172 5.949001 0.091980  0.000009 5.348401
2.481443 312.19650  571.8542 5.978907 0.090664  0.000012 5.348401
2.516968 319.25190  572.0514 6.012126 0.090006  0.000012 5.350770
2.561176 326.85015  572.4462 6.042022 0.091322  0.000013 5.351954
2.597884 335.53410  572.2488 6.061959 0.091322  0.000013 5.359057
2.626303 343.49370  571.5252 6.065282 0.088690  0.000014 5.367348
2.670906 351.99670  572.1172 6.095178 0.090006  0.000018 5.370901
2.711166 359.23305  571.9198 6.128397 0.092638  0.000017 5.375635
2.753401 369.00215  572.0514 6.148335 0.092638  0.000018 5.379188
2.783004 376.78135  572.3146 6.141689 0.090006  0.000019 5.376820
2.829581 385.64625  572.1172 6.201491 0.091322  0.000018 5.373270
2.689852 366.65035  582.1824 6.198168 0.092638  0.000019 5.376820
2.497626 338.79010  592.0504 6.168272 0.091322  0.000021 5.372086
2.382764 323.23225  597.1816 6.138366 0.091980  0.000019 5.361426
2.312900 312.19650  600.2078 6.138366 0.090006  0.000018 5.350770
2.334610 315.45305  602.2470 6.164949 0.087374  0.000017 5.337745
2.414342 330.10670  603.2338 6.188199 0.089348  0.000012 5.322352
2.443156 335.71505  606.8520 6.188199 0.089348  0.000012 5.310508
2.451050 338.42820  610.4044 6.188199 0.089348  0.000013 5.301036
2.450656 338.60915  614.8780 6.201491 0.090664  0.000016 5.290380
2.444735 338.97105  619.0224 6.184876 0.090006  0.000014 5.277352
2.452235 340.23770  622.7064 6.201491 0.091980  0.000013 5.270249
2.446709 341.86570  626.9824 6.198168 0.092638  0.000013 5.259589
2.462497 345.12225  630.8638 6.188199 0.082112 -0.000734 5.246564
2.473549 347.47405  635.1398 6.194845 0.081454 -0.000705 5.235908
2.481443 349.28300  639.2186 6.194845 0.079480 -0.000258 5.222884
2.470391 349.10205  643.4288 6.201491 0.082112 -0.000088 5.211040
2.477891 351.27290  647.6392 6.238033 0.080138 -0.000029 5.196830
2.484601 352.72050  652.0468 6.214772 0.082112 -0.000006 5.180252
2.482627 352.90145  656.5202 6.231387 0.082770  0.000010 5.166043
2.490917 355.79610  660.8622 6.218095 0.081454  0.000013 5.150650
2.499600 357.96695  664.2172 6.228064 0.081454  0.000006 5.134072
2.499600 359.59495  669.0196 6.221418 0.080796  0.000013 5.112756
2.509468 362.12770  673.2298 6.224741 0.081454  0.000010 5.097362
2.511836 362.12770  677.5060 6.234710 0.075534 -0.000721 5.078419
2.517362 364.11760  681.8478 6.228064 0.072244 -0.000750 5.060657
2.524862 366.65035  685.7950 6.224741 0.073560 -0.000269 5.047628
2.532756 368.45930  689.9394 6.231387 0.071586 -0.000091 5.035788
2.537492 369.54500  694.6760 6.228064 0.072902 -0.000021 5.020394
2.528809 370.44975  698.8862 6.238033 0.068298  0.000004 5.005001
2.538677 372.43965  703.0966 6.238033 0.071586  0.000017 4.988423
2.543808 374.06765  707.3726 6.224741 0.073560  0.000019 4.976582
2.552886 375.87660  711.9118 6.248001 0.072902  0.000021 4.961189
2.555650 377.32420  716.0564 6.254647 0.069612  0.000022 4.948164
2.558017 377.50515  720.1350 6.261283 0.068954  0.000023 4.938689
2.558017 379.67600  724.4770 6.251324 0.070270  0.000021 4.932767
2.564333 381.12305  728.6872 6.257970 0.065666 -0.000499 4.920926
2.573017 384.74150  732.8318 6.254647 0.061060 -0.000682 4.913824
2.589200 387.63615  736.5814 6.261283 0.057772 -0.000495 4.909086
2.591963 388.35995  740.5944 6.261283 0.061060 -0.000178 4.904348
2.584464 387.99805  745.8572 6.244678 0.060402 -0.000053 4.901980
2.593147 390.53080  749.4098 6.251324 0.060402 -0.000004 4.901980
2.604989 393.24450  753.4884 6.257970 0.061060  0.000013 4.900795
2.603410 393.24450  758.2250 6.257970 0.062376  0.000018 4.905533
2.609330 395.05345  762.3038 6.257970 0.061060  0.000022 4.901980
2.623146 397.76715  766.3824 6.261283 0.059086  0.000023 4.909086
2.619593 398.49040  770.2638 6.261283 0.061060  0.000023 4.910270
2.629460 400.48085  774.8688 6.261283 0.059744  0.000023 4.915008
2.635776 402.65170  778.9476 6.251324 0.062376  0.000023 4.922111
2.643671 403.73685  783.1578 6.261283 0.063692  0.000021 4.930402
2.659459 407.17435  787.0392 6.251324 0.063692  0.000022 4.941058
2.659064 407.17435  791.5126 6.231387 0.060402  0.000021 4.948164
2.655907 408.26005  795.7230 6.228064 0.061718  0.000021 4.957636
2.660644 409.34520  799.9332 6.194845 0.062376  0.000019 4.965923
2.680774 413.14460  803.7488 6.204814 0.061060  0.000017 4.975398
2.690246 415.67735  808.1564 6.178231 0.059744  0.000014 4.983685
2.687879 415.31545  812.1694 6.158303 0.061718  0.000013 4.991976
2.693010 417.12440  816.3796 6.141689 0.061060  0.000010 5.005001
2.707614 418.93335  820.5900 6.101824 0.063692  0.000013 5.016841
2.711561 421.28515  824.7344 6.075251 0.059086  0.000016 5.038157
2.721035 422.37085  829.1420 6.048668 0.059086  0.000021 5.049997
2.724192 422.55180  833.0892 5.985543 0.063034  0.000023 5.065391
2.732087 424.72265  837.4310 5.955647 0.061060  0.000023 5.083153
2.753006 427.61730  841.4440 5.885886 0.059086  0.000027 5.094997
2.766426 429.96910  845.0622 5.862626 0.059086  0.000210 5.110391
2.769979 432.13995  849.6672 5.789542 0.064350  0.000579 5.123416
2.777083 432.32090  854.4038 5.726417 0.071586  0.000727 5.139994
2.787740 434.67270  858.0220 5.666615 0.069612  0.000338 5.153018
2.809451 437.92925  862.1666 5.610146 0.071586  0.000134 5.168412
2.818134 438.47155  866.5084 5.517125 0.072244  0.000059 5.187359
2.825634 440.10010  870.5214 5.454000 0.070928  0.000029 5.201568
2.846554 443.35610  874.1396 5.380916 0.066982  0.000018 5.218146
2.856816 443.71800  878.7446 5.304500 0.071586  0.000014 5.233540
2.867868 444.98465  883.1522 5.211479 0.071586  0.000014 5.245380
2.885630 448.24120  887.0994 5.158322 0.072244  0.000016 5.257224
2.898260 449.32635  891.5728 5.125104 0.081454  0.001426 5.270249
2.911681 451.13530  895.5858 5.098530 0.078824  0.000727 5.283274
2.923523 452.58290  899.4014 5.065312 0.088032  0.001208 5.292745
2.948784 457.46745  903.1512 5.055343 0.109084  0.003017 5.310508
2.962994 459.45735  907.6246 5.065312 0.131452  0.003943 5.319983
2.958257 459.09545  912.2954 5.065312 0.161712  0.005413 5.333008
2.955889 460.18115  916.1110 5.085239 0.199870  0.006331 5.341295
2.962994 463.25675  920.3870 5.121781 0.231446  0.006915 5.353139
2.977993 466.15085  924.4658 5.151687 0.270260  0.007524 5.368532
2.984309 468.32170  928.3472 5.198197 0.314336  0.007868 5.382742
2.989440 469.58835  932.4916 5.224770 0.358412  0.008880 5.398135
2.987861 470.67405  937.1624 5.234739 0.405778  0.009580 5.411160
2.995361 473.02585  941.2412 5.277927 0.455118  0.009608 5.423000
3.006018 477.18660  945.0568 5.277927 0.505116  0.010349 5.440763
3.012334 477.91040  949.2670 5.294541 0.564980  0.010960 5.454976
3.012728 479.53840  953.4116 5.334406 0.622214  0.011197 5.473919
3.030095 484.24200  957.3588 5.377594 0.680106  0.011861 5.492866
3.034043 485.87000  961.0426 5.364302 0.743918  0.012207 5.516550
3.039569 488.22235  965.6476 5.407490 0.807732  0.012931 5.534312
3.049042 490.93550  969.1344 5.394198 0.880754  0.013662 5.557993
3.058514 493.83015  973.2790 5.427427 0.951802  0.014079 5.580493
3.071146 496.54385  977.6208 5.437386 1.030088  0.015167 5.608912
3.060094 495.45870  981.6994 5.460646 1.110346  0.015875 5.636149
3.064435 498.35280  985.8440 5.470614 1.187316  0.016599 5.670486
3.078644 501.60935  989.9886 5.483896 1.279418  0.017337 5.702458
3.092855 505.77010  993.7382 5.497188 1.370202  0.017795 5.736798
3.085750 505.58970  997.8828 5.490542 1.468222  0.018753 5.775876
3.123247 513.54930 1001.1064 5.483896 1.565586  0.019973 5.814954
3.124432 514.81595 1005.9086 5.480583 1.674792  0.021679 5.858766
3.120485 516.26300 1010.7110 5.523771 1.794522  0.022809 5.906131
3.132326 518.43385 1014.2636 5.513802 1.912280  0.022984 5.952312
3.137852 521.50945 1018.4738 5.556990 2.008984  0.021642 6.003230
3.139432 524.22315 1022.6840 5.583563 2.089900  0.017953 6.051780
3.155614 527.66065 1026.7628 5.650011 2.131346  0.012299 6.106252
3.165088 530.19340 1030.7100 5.663302 2.151082  0.006793 6.159539
3.174166 532.90710 1034.9862 5.699844 2.162924  0.003544 6.218744
3.182850 535.25890 1039.3938 5.736386 2.170818  0.002310 6.277950
3.186007 538.69585 1043.5382 5.729740 2.180028  0.002240 6.349000
3.205744 541.95240 1047.6170 5.736386 2.180686  0.000879 6.420049
3.206927 543.39945 1051.6300 5.743032 2.180028  0.000358 6.495833
3.229426 547.92265 1055.5770 5.719771 2.190554  0.001300 6.576354
3.224689 547.74170 1060.5110 5.733063 2.191870  0.000796 6.662797
3.229426 549.00780 1065.1818 5.753000 2.192528  0.000331 6.752790
3.242057 550.81675 1069.1948 5.736386 2.189896  0.000143 6.836864
3.262187 555.70185 1072.8788 5.733063 2.191212  0.000080 6.917389
3.276791 559.13880 1076.8918 5.729740 2.197790  0.001196 7.007382
3.284686 560.58640 1081.6284 5.739709 2.197790  0.000744 7.093825
3.285080 560.94775 1086.1018 5.699844 2.197134  0.000310 7.177900
3.282318 560.58640 1090.3120 5.713126 2.199106  0.000134 7.260790
3.292580 563.48050 1094.1934 5.699844 2.210290  0.001601 7.341311
3.320210 567.82275 1098.0748 5.706490 2.210290  0.000659 7.419463
3.325342 569.99360 1102.8114 5.699844 2.211606  0.000268 7.497616
3.334420 571.62160 1107.3506 5.703167 2.210948  0.000117 7.574587
3.341130 573.25015 1111.2978 5.749678 2.210948  0.000060 7.645633
3.362839 578.31510 1115.1134 5.726417 2.208316  0.000039 7.716683
3.367181 578.85795 1119.5868 5.743032 2.208316  0.000031 7.781810
3.374286 581.20975 1124.3234 5.729740 2.208974  0.000027 7.841016
3.371128 581.20975 1128.1390 5.736386 2.208316  0.000025 7.899041
3.400732 586.99905 1131.8230 5.762959 2.210290  0.000022 7.944037
3.414941 590.43655 1135.9676 5.799511 2.211606  0.000026 7.979562
3.421256 592.24550 1140.5726 5.809470 2.211606  0.000025 8.005612
3.415336 592.42645 1145.1776 5.859303 2.210948  0.000025 8.029296
3.413758 592.60740 1149.7168 5.852657 2.212264  0.000023 8.038768
3.413758 593.87350 1153.9930 5.892522 2.210948  0.000025 8.045874
3.422441 595.32110 1157.9402 5.925751 2.210948  0.000025 8.047058
3.457571 599.48185 1161.8214 5.939032 2.208974  0.000022 8.045874
3.480464 604.54735 1165.1766 6.018772 2.210290  0.000023 8.039952
2.435262 352.35860 1169.7816 5.952324 2.210948  0.000016 8.035214
0.047641   4.10630 1159.1242 4.892551 2.256998  0.005392 7.968902
0.014485  -1.13850 1121.8220 4.812751 2.308960  0.008199 7.807860
0.008171  -1.67750 1079.9820 4.816084 2.339220  0.007114 7.582874['26.авг.02', '021', 'г.', '8:', '48']
['5,0', '45', '0', '1', '0,000', 'V', '0', '1', '0,0', '00', 'V', '2', '1', '6']
0.008564   1.57355  571.7226 5.025437 0.012378  0.000002 6.660428
0.009749   1.39260  571.8542 5.088562 0.010406  0.000013 6.547936
0.180265  13.33310  572.0514 5.071947 0.010406  0.000098 6.449652
0.214211  15.32300  571.9856 5.081916 0.020274  0.000919 6.362024
0.249734  17.85575  572.0514 5.048697 0.022248  0.000368 6.282688
0.271049  19.48375  571.6568 5.052020 0.018958  0.000148 6.210457
0.293153  21.29325  571.9856 5.068624 0.021590  0.000064 6.144145
0.326704  23.46410  571.8542 5.058666 0.018958  0.000034 6.080198
0.351176  26.17780  571.9198 5.068624 0.022248  0.000018 6.026915
0.385516  28.71055  571.8542 5.028760 0.021590  0.000014 5.974812
0.410778  30.51950  571.9198 5.032083 0.022904  0.000012 5.929816
0.448276  33.23320  571.9856 5.045374 0.018300 -0.000004 5.759298
0.479458  36.12785  572.3146 5.088562 0.021590  0.000019 5.846926
0.513008  38.66060  572.1172 5.128426 0.022248  0.000013 5.809032
0.557611  42.27850  571.9856 5.135072 0.028826  0.001346 5.779429
0.598661  45.89695  572.2488 5.155010 0.032774  0.000529 5.746273
0.636158  49.51485  572.1172 5.178260 0.039352  0.001479 5.717855
0.680761  53.49520  572.0514 5.191552 0.041324  0.000568 5.689433
0.715891  56.75120  572.2488 5.248031 0.053166  0.001404 5.661014
0.760099  60.91250  572.0514 5.274604 0.049220  0.000535 5.634965
0.810622  64.71135  572.1830 5.291218 0.062376  0.001580 5.616018
0.863908  69.77685  572.3146 5.297854 0.062376  0.000623 5.595887
0.907326  75.56615  572.2488 5.331083 0.072902  0.001440 5.580493
0.968507  80.26975  572.1172 5.354333 0.070928  0.000563 5.566284
1.028108  85.87810  572.2488 5.407490 0.079480  0.001615 5.553259
1.084948  91.84780  572.1830 5.400844 0.080138  0.000637 5.540231
1.144549  98.36090  571.9856 5.434073 0.083428  0.000255 5.531944
1.210072 104.33060  571.8542 5.450677 0.089348  0.001492 5.521288
1.254280 111.20505  571.9856 5.460646 0.088690  0.000573 5.514181
1.334801 118.98425  571.6568 5.470614 0.091980  0.000230 5.504710
1.396376 126.76345  572.2488 5.493865 0.090664  0.000092 5.499972
1.444926 133.99980  572.1830 5.517125 0.093296  0.000043 5.498788
1.498212 141.59805  571.9856 5.517125 0.090006  0.000025 5.498788
1.558603 149.37725  571.9198 5.510479 0.091980  0.000017 5.499972
1.617810 158.60350  572.3804 5.553667 0.091322  0.000013 5.502341
1.685701 167.46840  572.1830 5.540375 0.090664  0.000016 5.505894
1.716094 172.53390  572.5120 5.560313 0.093296  0.000016 5.510628
1.759117 179.40835  572.1172 5.583563 0.092638  0.000016 5.511812
1.784774 184.65480  572.3146 5.600177 0.090664  0.000016 5.512997
1.804510 187.91135  572.0514 5.610146 0.090006  0.000017 5.509444
1.844376 194.60485  572.2488 5.610146 0.091322  0.000017 5.505894
1.877137 200.21320  571.9856 5.633396 0.091322  0.000017 5.501156
1.903978 205.64060  572.2488 5.646688 0.092638  0.000016 5.491681
1.930423 210.34420  572.0514 5.669938 0.089348  0.000018 5.485763
1.967526 216.49485  572.1172 5.673261 0.091980  0.000021 5.476288
1.991999 222.46510  572.1830 5.679907 0.089348  0.000019 5.463263
2.024760 226.08300  572.1830 5.716448 0.092638  0.000019 5.451422
2.056337 233.13895  572.0514 5.733063 0.091980  0.000023 5.440763
2.090677 238.02350  571.9198 5.762959 0.092638  0.000023 5.427738
2.124228 244.35510  571.9856 5.769605 0.087374  0.000021 5.417082
2.168436 251.22955  571.8542 5.802824 0.092638  0.000022 5.405242
2.196854 257.01885  572.2488 5.796188 0.092638  0.000019 5.398135
2.224484 262.26530  571.9198 5.806147 0.093296  0.000022 5.386295
2.258035 268.77785  571.9856 5.852657 0.088690  0.000018 5.376820
2.288429 274.92905  571.9198 5.852657 0.091980  0.000017 5.372086
2.328689 282.34635  572.1172 5.889209 0.093296  0.000018 5.363795
2.370529 290.12555  572.0514 5.925751 0.091322  0.000013 5.360242
2.408816 296.45715  572.3804 5.949001 0.089348  0.000012 5.353139
2.445130 305.14110  572.1172 5.949001 0.091980  0.000009 5.348401
2.481443 312.19650  571.8542 5.978907 0.090664  0.000012 5.348401
2.516968 319.25190  572.0514 6.012126 0.090006  0.000012 5.350770
2.561176 326.85015  572.4462 6.042022 0.091322  0.000013 5.351954
2.597884 335.53410  572.2488 6.061959 0.091322  0.000013 5.359057
2.626303 343.49370  571.5252 6.065282 0.088690  0.000014 5.367348
2.670906 351.99670  572.1172 6.095178 0.090006  0.000018 5.370901
2.711166 359.23305  571.9198 6.128397 0.092638  0.000017 5.375635
2.753401 369.00215  572.0514 6.148335 0.092638  0.000018 5.379188
2.783004 376.78135  572.3146 6.141689 0.090006  0.000019 5.376820
2.829581 385.64625  572.1172 6.201491 0.091322  0.000018 5.373270
2.689852 366.65035  582.1824 6.198168 0.092638  0.000019 5.376820
2.497626 338.79010  592.0504 6.168272 0.091322  0.000021 5.372086
2.382764 323.23225  597.1816 6.138366 0.091980  0.000019 5.361426
2.312900 312.19650  600.2078 6.138366 0.090006  0.000018 5.350770
2.334610 315.45305  602.2470 6.164949 0.087374  0.000017 5.337745
2.414342 330.10670  603.2338 6.188199 0.089348  0.000012 5.322352
2.443156 335.71505  606.8520 6.188199 0.089348  0.000012 5.310508
2.451050 338.42820  610.4044 6.188199 0.089348  0.000013 5.301036
2.450656 338.60915  614.8780 6.201491 0.090664  0.000016 5.290380
2.444735 338.97105  619.0224 6.184876 0.090006  0.000014 5.277352
2.452235 340.23770  622.7064 6.201491 0.091980  0.000013 5.270249
2.446709 341.86570  626.9824 6.198168 0.092638  0.000013 5.259589
2.462497 345.12225  630.8638 6.188199 0.082112 -0.000734 5.246564
2.473549 347.47405  635.1398 6.194845 0.081454 -0.000705 5.235908
2.481443 349.28300  639.2186 6.194845 0.079480 -0.000258 5.222884
2.470391 349.10205  643.4288 6.201491 0.082112 -0.000088 5.211040
2.477891 351.27290  647.6392 6.238033 0.080138 -0.000029 5.196830
2.484601 352.72050  652.0468 6.214772 0.082112 -0.000006 5.180252
2.482627 352.90145  656.5202 6.231387 0.082770  0.000010 5.166043
2.490917 355.79610  660.8622 6.218095 0.081454  0.000013 5.150650
2.499600 357.96695  664.2172 6.228064 0.081454  0.000006 5.134072
2.499600 359.59495  669.0196 6.221418 0.080796  0.000013 5.112756
2.509468 362.12770  673.2298 6.224741 0.081454  0.000010 5.097362
2.511836 362.12770  677.5060 6.234710 0.075534 -0.000721 5.078419
2.517362 364.11760  681.8478 6.228064 0.072244 -0.000750 5.060657
2.524862 366.65035  685.7950 6.224741 0.073560 -0.000269 5.047628
2.532756 368.45930  689.9394 6.231387 0.071586 -0.000091 5.035788
2.537492 369.54500  694.6760 6.228064 0.072902 -0.000021 5.020394
2.528809 370.44975  698.8862 6.238033 0.068298  0.000004 5.005001
2.538677 372.43965  703.0966 6.238033 0.071586  0.000017 4.988423
2.543808 374.06765  707.3726 6.224741 0.073560  0.000019 4.976582
2.552886 375.87660  711.9118 6.248001 0.072902  0.000021 4.961189
2.555650 377.32420  716.0564 6.254647 0.069612  0.000022 4.948164
2.558017 377.50515  720.1350 6.261283 0.068954  0.000023 4.938689
2.558017 379.67600  724.4770 6.251324 0.070270  0.000021 4.932767
2.564333 381.12305  728.6872 6.257970 0.065666 -0.000499 4.920926
2.573017 384.74150  732.8318 6.254647 0.061060 -0.000682 4.913824
2.589200 387.63615  736.5814 6.261283 0.057772 -0.000495 4.909086
2.591963 388.35995  740.5944 6.261283 0.061060 -0.000178 4.904348
2.584464 387.99805  745.8572 6.244678 0.060402 -0.000053 4.901980
2.593147 390.53080  749.4098 6.251324 0.060402 -0.000004 4.901980
2.604989 393.24450  753.4884 6.257970 0.061060  0.000013 4.900795
2.603410 393.24450  758.2250 6.257970 0.062376  0.000018 4.905533
2.609330 395.05345  762.3038 6.257970 0.061060  0.000022 4.901980
2.623146 397.76715  766.3824 6.261283 0.059086  0.000023 4.909086
2.619593 398.49040  770.2638 6.261283 0.061060  0.000023 4.910270
2.629460 400.48085  774.8688 6.261283 0.059744  0.000023 4.915008
2.635776 402.65170  778.9476 6.251324 0.062376  0.000023 4.922111
2.643671 403.73685  783.1578 6.261283 0.063692  0.000021 4.930402
2.659459 407.17435  787.0392 6.251324 0.063692  0.000022 4.941058
2.659064 407.17435  791.5126 6.231387 0.060402  0.000021 4.948164
2.655907 408.26005  795.7230 6.228064 0.061718  0.000021 4.957636
2.660644 409.34520  799.9332 6.194845 0.062376  0.000019 4.965923
2.680774 413.14460  803.7488 6.204814 0.061060  0.000017 4.975398
2.690246 415.67735  808.1564 6.178231 0.059744  0.000014 4.983685
2.687879 415.31545  812.1694 6.158303 0.061718  0.000013 4.991976
2.693010 417.12440  816.3796 6.141689 0.061060  0.000010 5.005001
2.707614 418.93335  820.5900 6.101824 0.063692  0.000013 5.016841
2.711561 421.28515  824.7344 6.075251 0.059086  0.000016 5.038157
2.721035 422.37085  829.1420 6.048668 0.059086  0.000021 5.049997
2.724192 422.55180  833.0892 5.985543 0.063034  0.000023 5.065391
2.732087 424.72265  837.4310 5.955647 0.061060  0.000023 5.083153
2.753006 427.61730  841.4440 5.885886 0.059086  0.000027 5.094997
2.766426 429.96910  845.0622 5.862626 0.059086  0.000210 5.110391
2.769979 432.13995  849.6672 5.789542 0.064350  0.000579 5.123416
2.777083 432.32090  854.4038 5.726417 0.071586  0.000727 5.139994
2.787740 434.67270  858.0220 5.666615 0.069612  0.000338 5.153018
2.809451 437.92925  862.1666 5.610146 0.071586  0.000134 5.168412
2.818134 438.47155  866.5084 5.517125 0.072244  0.000059 5.187359
2.825634 440.10010  870.5214 5.454000 0.070928  0.000029 5.201568
2.846554 443.35610  874.1396 5.380916 0.066982  0.000018 5.218146
2.856816 443.71800  878.7446 5.304500 0.071586  0.000014 5.233540
2.867868 444.98465  883.1522 5.211479 0.071586  0.000014 5.245380
2.885630 448.24120  887.0994 5.158322 0.072244  0.000016 5.257224
2.898260 449.32635  891.5728 5.125104 0.081454  0.001426 5.270249
2.911681 451.13530  895.5858 5.098530 0.078824  0.000727 5.283274
2.923523 452.58290  899.4014 5.065312 0.088032  0.001208 5.292745
2.948784 457.46745  903.1512 5.055343 0.109084  0.003017 5.310508
2.962994 459.45735  907.6246 5.065312 0.131452  0.003943 5.319983
2.958257 459.09545  912.2954 5.065312 0.161712  0.005413 5.333008
2.955889 460.18115  916.1110 5.085239 0.199870  0.006331 5.341295
2.962994 463.25675  920.3870 5.121781 0.231446  0.006915 5.353139
2.977993 466.15085  924.4658 5.151687 0.270260  0.007524 5.368532
2.984309 468.32170  928.3472 5.198197 0.314336  0.007868 5.382742
2.989440 469.58835  932.4916 5.224770 0.358412  0.008880 5.398135
2.987861 470.67405  937.1624 5.234739 0.405778  0.009580 5.411160
2.995361 473.02585  941.2412 5.277927 0.455118  0.009608 5.423000
3.006018 477.18660  945.0568 5.277927 0.505116  0.010349 5.440763
3.012334 477.91040  949.2670 5.294541 0.564980  0.010960 5.454976
3.012728 479.53840  953.4116 5.334406 0.622214  0.011197 5.473919
3.030095 484.24200  957.3588 5.377594 0.680106  0.011861 5.492866
3.034043 485.87000  961.0426 5.364302 0.743918  0.012207 5.516550
3.039569 488.22235  965.6476 5.407490 0.807732  0.012931 5.534312
3.049042 490.93550  969.1344 5.394198 0.880754  0.013662 5.557993
3.058514 493.83015  973.2790 5.427427 0.951802  0.014079 5.580493
3.071146 496.54385  977.6208 5.437386 1.030088  0.015167 5.608912
3.060094 495.45870  981.6994 5.460646 1.110346  0.015875 5.636149
3.064435 498.35280  985.8440 5.470614 1.187316  0.016599 5.670486
3.078644 501.60935  989.9886 5.483896 1.279418  0.017337 5.702458
3.092855 505.77010  993.7382 5.497188 1.370202  0.017795 5.736798
3.085750 505.58970  997.8828 5.490542 1.468222  0.018753 5.775876
3.123247 513.54930 1001.1064 5.483896 1.565586  0.019973 5.814954
3.124432 514.81595 1005.9086 5.480583 1.674792  0.021679 5.858766
3.120485 516.26300 1010.7110 5.523771 1.794522  0.022809 5.906131
3.132326 518.43385 1014.2636 5.513802 1.912280  0.022984 5.952312
3.137852 521.50945 1018.4738 5.556990 2.008984  0.021642 6.003230
3.139432 524.22315 1022.6840 5.583563 2.089900  0.017953 6.051780
3.155614 527.66065 1026.7628 5.650011 2.131346  0.012299 6.106252
3.165088 530.19340 1030.7100 5.663302 2.151082  0.006793 6.159539
3.174166 532.90710 1034.9862 5.699844 2.162924  0.003544 6.218744
3.182850 535.25890 1039.3938 5.736386 2.170818  0.002310 6.277950
3.186007 538.69585 1043.5382 5.729740 2.180028  0.002240 6.349000
3.205744 541.95240 1047.6170 5.736386 2.180686  0.000879 6.420049
3.206927 543.39945 1051.6300 5.743032 2.180028  0.000358 6.495833
3.229426 547.92265 1055.5770 5.719771 2.190554  0.001300 6.576354
3.224689 547.74170 1060.5110 5.733063 2.191870  0.000796 6.662797
3.229426 549.00780 1065.1818 5.753000 2.192528  0.000331 6.752790
3.242057 550.81675 1069.1948 5.736386 2.189896  0.000143 6.836864
3.262187 555.70185 1072.8788 5.733063 2.191212  0.000080 6.917389
3.276791 559.13880 1076.8918 5.729740 2.197790  0.001196 7.007382
3.284686 560.58640 1081.6284 5.739709 2.197790  0.000744 7.093825
3.285080 560.94775 1086.1018 5.699844 2.197134  0.000310 7.177900
3.282318 560.58640 1090.3120 5.713126 2.199106  0.000134 7.260790
3.292580 563.48050 1094.1934 5.699844 2.210290  0.001601 7.341311
3.320210 567.82275 1098.0748 5.706490 2.210290  0.000659 7.419463
3.325342 569.99360 1102.8114 5.699844 2.211606  0.000268 7.497616
3.334420 571.62160 1107.3506 5.703167 2.210948  0.000117 7.574587
3.341130 573.25015 1111.2978 5.749678 2.210948  0.000060 7.645633
3.362839 578.31510 1115.1134 5.726417 2.208316  0.000039 7.716683
3.367181 578.85795 1119.5868 5.743032 2.208316  0.000031 7.781810
3.374286 581.20975 1124.3234 5.729740 2.208974  0.000027 7.841016
3.371128 581.20975 1128.1390 5.736386 2.208316  0.000025 7.899041
3.400732 586.99905 1131.8230 5.762959 2.210290  0.000022 7.944037
3.414941 590.43655 1135.9676 5.799511 2.211606  0.000026 7.979562
3.421256 592.24550 1140.5726 5.809470 2.211606  0.000025 8.005612
3.415336 592.42645 1145.1776 5.859303 2.210948  0.000025 8.029296
3.413758 592.60740 1149.7168 5.852657 2.212264  0.000023 8.038768
3.413758 593.87350 1153.9930 5.892522 2.210948  0.000025 8.045874
3.422441 595.32110 1157.9402 5.925751 2.210948  0.000025 8.047058
3.457571 599.48185 1161.8214 5.939032 2.208974  0.000022 8.045874
3.480464 604.54735 1165.1766 6.018772 2.210290  0.000023 8.039952
2.435262 352.35860 1169.7816 5.952324 2.210948  0.000016 8.035214
0.047641   4.10630 1159.1242 4.892551 2.256998  0.005392 7.968902
0.014485  -1.13850 1121.8220 4.812751 2.308960  0.008199 7.807860
0.008171  -1.67750 1079.9820 4.816084 2.339220  0.007114 7.582874['26.авг.02', '021', 'г.', '8:', '48']
['5,0', '45', '0', '1', '0,000', 'V', '0', '1', '0,0', '00', 'V', '2', '1', '6']
0.008564   1.57355  571.7226 5.025437 0.012378  0.000002 6.660428
0.009749   1.39260  571.8542 5.088562 0.010406  0.000013 6.547936
0.180265  13.33310  572.0514 5.071947 0.010406  0.000098 6.449652
0.214211  15.32300  571.9856 5.081916 0.020274  0.000919 6.362024
0.249734  17.85575  572.0514 5.048697 0.022248  0.000368 6.282688
0.271049  19.48375  571.6568 5.052020 0.018958  0.000148 6.210457
0.293153  21.29325  571.9856 5.068624 0.021590  0.000064 6.144145
0.326704  23.46410  571.8542 5.058666 0.018958  0.000034 6.080198
0.351176  26.17780  571.9198 5.068624 0.022248  0.000018 6.026915
0.385516  28.71055  571.8542 5.028760 0.021590  0.000014 5.974812
0.410778  30.51950  571.9198 5.032083 0.022904  0.000012 5.929816
0.448276  33.23320  571.9856 5.045374 0.018300 -0.000004 5.759298
0.479458  36.12785  572.3146 5.088562 0.021590  0.000019 5.846926
0.513008  38.66060  572.1172 5.128426 0.022248  0.000013 5.809032
0.557611  42.27850  571.9856 5.135072 0.028826  0.001346 5.779429
0.598661  45.89695  572.2488 5.155010 0.032774  0.000529 5.746273
0.636158  49.51485  572.1172 5.178260 0.039352  0.001479 5.717855
0.680761  53.49520  572.0514 5.191552 0.041324  0.000568 5.689433
0.715891  56.75120  572.2488 5.248031 0.053166  0.001404 5.661014
0.760099  60.91250  572.0514 5.274604 0.049220  0.000535 5.634965
0.810622  64.71135  572.1830 5.291218 0.062376  0.001580 5.616018
0.863908  69.77685  572.3146 5.297854 0.062376  0.000623 5.595887
0.907326  75.56615  572.2488 5.331083 0.072902  0.001440 5.580493
0.968507  80.26975  572.1172 5.354333 0.070928  0.000563 5.566284
1.028108  85.87810  572.2488 5.407490 0.079480  0.001615 5.553259
1.084948  91.84780  572.1830 5.400844 0.080138  0.000637 5.540231
1.144549  98.36090  571.9856 5.434073 0.083428  0.000255 5.531944
1.210072 104.33060  571.8542 5.450677 0.089348  0.001492 5.521288
1.254280 111.20505  571.9856 5.460646 0.088690  0.000573 5.514181
1.334801 118.98425  571.6568 5.470614 0.091980  0.000230 5.504710
1.396376 126.76345  572.2488 5.493865 0.090664  0.000092 5.499972
1.444926 133.99980  572.1830 5.517125 0.093296  0.000043 5.498788
1.498212 141.59805  571.9856 5.517125 0.090006  0.000025 5.498788
1.558603 149.37725  571.9198 5.510479 0.091980  0.000017 5.499972
1.617810 158.60350  572.3804 5.553667 0.091322  0.000013 5.502341
1.685701 167.46840  572.1830 5.540375 0.090664  0.000016 5.505894
1.716094 172.53390  572.5120 5.560313 0.093296  0.000016 5.510628
1.759117 179.40835  572.1172 5.583563 0.092638  0.000016 5.511812
1.784774 184.65480  572.3146 5.600177 0.090664  0.000016 5.512997
1.804510 187.91135  572.0514 5.610146 0.090006  0.000017 5.509444
1.844376 194.60485  572.2488 5.610146 0.091322  0.000017 5.505894
1.877137 200.21320  571.9856 5.633396 0.091322  0.000017 5.501156
1.903978 205.64060  572.2488 5.646688 0.092638  0.000016 5.491681
1.930423 210.34420  572.0514 5.669938 0.089348  0.000018 5.485763
1.967526 216.49485  572.1172 5.673261 0.091980  0.000021 5.476288
1.991999 222.46510  572.1830 5.679907 0.089348  0.000019 5.463263
2.024760 226.08300  572.1830 5.716448 0.092638  0.000019 5.451422
2.056337 233.13895  572.0514 5.733063 0.091980  0.000023 5.440763
2.090677 238.02350  571.9198 5.762959 0.092638  0.000023 5.427738
2.124228 244.35510  571.9856 5.769605 0.087374  0.000021 5.417082
2.168436 251.22955  571.8542 5.802824 0.092638  0.000022 5.405242
2.196854 257.01885  572.2488 5.796188 0.092638  0.000019 5.398135
2.224484 262.26530  571.9198 5.806147 0.093296  0.000022 5.386295
2.258035 268.77785  571.9856 5.852657 0.088690  0.000018 5.376820
2.288429 274.92905  571.9198 5.852657 0.091980  0.000017 5.372086
2.328689 282.34635  572.1172 5.889209 0.093296  0.000018 5.363795
2.370529 290.12555  572.0514 5.925751 0.091322  0.000013 5.360242
2.408816 296.45715  572.3804 5.949001 0.089348  0.000012 5.353139
2.445130 305.14110  572.1172 5.949001 0.091980  0.000009 5.348401
2.481443 312.19650  571.8542 5.978907 0.090664  0.000012 5.348401
2.516968 319.25190  572.0514 6.012126 0.090006  0.000012 5.350770
2.561176 326.85015  572.4462 6.042022 0.091322  0.000013 5.351954
2.597884 335.53410  572.2488 6.061959 0.091322  0.000013 5.359057
2.626303 343.49370  571.5252 6.065282 0.088690  0.000014 5.367348
2.670906 351.99670  572.1172 6.095178 0.090006  0.000018 5.370901
2.711166 359.23305  571.9198 6.128397 0.092638  0.000017 5.375635
2.753401 369.00215  572.0514 6.148335 0.092638  0.000018 5.379188
2.783004 376.78135  572.3146 6.141689 0.090006  0.000019 5.376820
2.829581 385.64625  572.1172 6.201491 0.091322  0.000018 5.373270
2.689852 366.65035  582.1824 6.198168 0.092638  0.000019 5.376820
2.497626 338.79010  592.0504 6.168272 0.091322  0.000021 5.372086
2.382764 323.23225  597.1816 6.138366 0.091980  0.000019 5.361426
2.312900 312.19650  600.2078 6.138366 0.090006  0.000018 5.350770
2.334610 315.45305  602.2470 6.164949 0.087374  0.000017 5.337745
2.414342 330.10670  603.2338 6.188199 0.089348  0.000012 5.322352
2.443156 335.71505  606.8520 6.188199 0.089348  0.000012 5.310508
2.451050 338.42820  610.4044 6.188199 0.089348  0.000013 5.301036
2.450656 338.60915  614.8780 6.201491 0.090664  0.000016 5.290380
2.444735 338.97105  619.0224 6.184876 0.090006  0.000014 5.277352
2.452235 340.23770  622.7064 6.201491 0.091980  0.000013 5.270249
2.446709 341.86570  626.9824 6.198168 0.092638  0.000013 5.259589
2.462497 345.12225  630.8638 6.188199 0.082112 -0.000734 5.246564
2.473549 347.47405  635.1398 6.194845 0.081454 -0.000705 5.235908
2.481443 349.28300  639.2186 6.194845 0.079480 -0.000258 5.222884
2.470391 349.10205  643.4288 6.201491 0.082112 -0.000088 5.211040
2.477891 351.27290  647.6392 6.238033 0.080138 -0.000029 5.196830
2.484601 352.72050  652.0468 6.214772 0.082112 -0.000006 5.180252
2.482627 352.90145  656.5202 6.231387 0.082770  0.000010 5.166043
2.490917 355.79610  660.8622 6.218095 0.081454  0.000013 5.150650
2.499600 357.96695  664.2172 6.228064 0.081454  0.000006 5.134072
2.499600 359.59495  669.0196 6.221418 0.080796  0.000013 5.112756
2.509468 362.12770  673.2298 6.224741 0.081454  0.000010 5.097362
2.511836 362.12770  677.5060 6.234710 0.075534 -0.000721 5.078419
2.517362 364.11760  681.8478 6.228064 0.072244 -0.000750 5.060657
2.524862 366.65035  685.7950 6.224741 0.073560 -0.000269 5.047628
2.532756 368.45930  689.9394 6.231387 0.071586 -0.000091 5.035788
2.537492 369.54500  694.6760 6.228064 0.072902 -0.000021 5.020394
2.528809 370.44975  698.8862 6.238033 0.068298  0.000004 5.005001
2.538677 372.43965  703.0966 6.238033 0.071586  0.000017 4.988423
2.543808 374.06765  707.3726 6.224741 0.073560  0.000019 4.976582
2.552886 375.87660  711.9118 6.248001 0.072902  0.000021 4.961189
2.555650 377.32420  716.0564 6.254647 0.069612  0.000022 4.948164
2.558017 377.50515  720.1350 6.261283 0.068954  0.000023 4.938689
2.558017 379.67600  724.4770 6.251324 0.070270  0.000021 4.932767
2.564333 381.12305  728.6872 6.257970 0.065666 -0.000499 4.920926
2.573017 384.74150  732.8318 6.254647 0.061060 -0.000682 4.913824
2.589200 387.63615  736.5814 6.261283 0.057772 -0.000495 4.909086
2.591963 388.35995  740.5944 6.261283 0.061060 -0.000178 4.904348
2.584464 387.99805  745.8572 6.244678 0.060402 -0.000053 4.901980
2.593147 390.53080  749.4098 6.251324 0.060402 -0.000004 4.901980
2.604989 393.24450  753.4884 6.257970 0.061060  0.000013 4.900795
2.603410 393.24450  758.2250 6.257970 0.062376  0.000018 4.905533
2.609330 395.05345  762.3038 6.257970 0.061060  0.000022 4.901980
2.623146 397.76715  766.3824 6.261283 0.059086  0.000023 4.909086
2.619593 398.49040  770.2638 6.261283 0.061060  0.000023 4.910270
2.629460 400.48085  774.8688 6.261283 0.059744  0.000023 4.915008
2.635776 402.65170  778.9476 6.251324 0.062376  0.000023 4.922111
2.643671 403.73685  783.1578 6.261283 0.063692  0.000021 4.930402
2.659459 407.17435  787.0392 6.251324 0.063692  0.000022 4.941058
2.659064 407.17435  791.5126 6.231387 0.060402  0.000021 4.948164
2.655907 408.26005  795.7230 6.228064 0.061718  0.000021 4.957636
2.660644 409.34520  799.9332 6.194845 0.062376  0.000019 4.965923
2.680774 413.14460  803.7488 6.204814 0.061060  0.000017 4.975398
2.690246 415.67735  808.1564 6.178231 0.059744  0.000014 4.983685
2.687879 415.31545  812.1694 6.158303 0.061718  0.000013 4.991976
2.693010 417.12440  816.3796 6.141689 0.061060  0.000010 5.005001
2.707614 418.93335  820.5900 6.101824 0.063692  0.000013 5.016841
2.711561 421.28515  824.7344 6.075251 0.059086  0.000016 5.038157
2.721035 422.37085  829.1420 6.048668 0.059086  0.000021 5.049997
2.724192 422.55180  833.0892 5.985543 0.063034  0.000023 5.065391
2.732087 424.72265  837.4310 5.955647 0.061060  0.000023 5.083153
2.753006 427.61730  841.4440 5.885886 0.059086  0.000027 5.094997
2.766426 429.96910  845.0622 5.862626 0.059086  0.000210 5.110391
2.769979 432.13995  849.6672 5.789542 0.064350  0.000579 5.123416
2.777083 432.32090  854.4038 5.726417 0.071586  0.000727 5.139994
2.787740 434.67270  858.0220 5.666615 0.069612  0.000338 5.153018
2.809451 437.92925  862.1666 5.610146 0.071586  0.000134 5.168412
2.818134 438.47155  866.5084 5.517125 0.072244  0.000059 5.187359
2.825634 440.10010  870.5214 5.454000 0.070928  0.000029 5.201568
2.846554 443.35610  874.1396 5.380916 0.066982  0.000018 5.218146
2.856816 443.71800  878.7446 5.304500 0.071586  0.000014 5.233540
2.867868 444.98465  883.1522 5.211479 0.071586  0.000014 5.245380
2.885630 448.24120  887.0994 5.158322 0.072244  0.000016 5.257224
2.898260 449.32635  891.5728 5.125104 0.081454  0.001426 5.270249
2.911681 451.13530  895.5858 5.098530 0.078824  0.000727 5.283274
2.923523 452.58290  899.4014 5.065312 0.088032  0.001208 5.292745
2.948784 457.46745  903.1512 5.055343 0.109084  0.003017 5.310508
2.962994 459.45735  907.6246 5.065312 0.131452  0.003943 5.319983
2.958257 459.09545  912.2954 5.065312 0.161712  0.005413 5.333008
2.955889 460.18115  916.1110 5.085239 0.199870  0.006331 5.341295
2.962994 463.25675  920.3870 5.121781 0.231446  0.006915 5.353139
2.977993 466.15085  924.4658 5.151687 0.270260  0.007524 5.368532
2.984309 468.32170  928.3472 5.198197 0.314336  0.007868 5.382742
2.989440 469.58835  932.4916 5.224770 0.358412  0.008880 5.398135
2.987861 470.67405  937.1624 5.234739 0.405778  0.009580 5.411160
2.995361 473.02585  941.2412 5.277927 0.455118  0.009608 5.423000
3.006018 477.18660  945.0568 5.277927 0.505116  0.010349 5.440763
3.012334 477.91040  949.2670 5.294541 0.564980  0.010960 5.454976
3.012728 479.53840  953.4116 5.334406 0.622214  0.011197 5.473919
3.030095 484.24200  957.3588 5.377594 0.680106  0.011861 5.492866
3.034043 485.87000  961.0426 5.364302 0.743918  0.012207 5.516550
3.039569 488.22235  965.6476 5.407490 0.807732  0.012931 5.534312
3.049042 490.93550  969.1344 5.394198 0.880754  0.013662 5.557993
3.058514 493.83015  973.2790 5.427427 0.951802  0.014079 5.580493
3.071146 496.54385  977.6208 5.437386 1.030088  0.015167 5.608912
3.060094 495.45870  981.6994 5.460646 1.110346  0.015875 5.636149
3.064435 498.35280  985.8440 5.470614 1.187316  0.016599 5.670486
3.078644 501.60935  989.9886 5.483896 1.279418  0.017337 5.702458
3.092855 505.77010  993.7382 5.497188 1.370202  0.017795 5.736798
3.085750 505.58970  997.8828 5.490542 1.468222  0.018753 5.775876
3.123247 513.54930 1001.1064 5.483896 1.565586  0.019973 5.814954
3.124432 514.81595 1005.9086 5.480583 1.674792  0.021679 5.858766
3.120485 516.26300 1010.7110 5.523771 1.794522  0.022809 5.906131
3.132326 518.43385 1014.2636 5.513802 1.912280  0.022984 5.952312
3.137852 521.50945 1018.4738 5.556990 2.008984  0.021642 6.003230
3.139432 524.22315 1022.6840 5.583563 2.089900  0.017953 6.051780
3.155614 527.66065 1026.7628 5.650011 2.131346  0.012299 6.106252
3.165088 530.19340 1030.7100 5.663302 2.151082  0.006793 6.159539
3.174166 532.90710 1034.9862 5.699844 2.162924  0.003544 6.218744
3.182850 535.25890 1039.3938 5.736386 2.170818  0.002310 6.277950
3.186007 538.69585 1043.5382 5.729740 2.180028  0.002240 6.349000
3.205744 541.95240 1047.6170 5.736386 2.180686  0.000879 6.420049
3.206927 543.39945 1051.6300 5.743032 2.180028  0.000358 6.495833
3.229426 547.92265 1055.5770 5.719771 2.190554  0.001300 6.576354
3.224689 547.74170 1060.5110 5.733063 2.191870  0.000796 6.662797
3.229426 549.00780 1065.1818 5.753000 2.192528  0.000331 6.752790
3.242057 550.81675 1069.1948 5.736386 2.189896  0.000143 6.836864
3.262187 555.70185 1072.8788 5.733063 2.191212  0.000080 6.917389
3.276791 559.13880 1076.8918 5.729740 2.197790  0.001196 7.007382
3.284686 560.58640 1081.6284 5.739709 2.197790  0.000744 7.093825
3.285080 560.94775 1086.1018 5.699844 2.197134  0.000310 7.177900
3.282318 560.58640 1090.3120 5.713126 2.199106  0.000134 7.260790
3.292580 563.48050 1094.1934 5.699844 2.210290  0.001601 7.341311
3.320210 567.82275 1098.0748 5.706490 2.210290  0.000659 7.419463
3.325342 569.99360 1102.8114 5.699844 2.211606  0.000268 7.497616
3.334420 571.62160 1107.3506 5.703167 2.210948  0.000117 7.574587
3.341130 573.25015 1111.2978 5.749678 2.210948  0.000060 7.645633
3.362839 578.31510 1115.1134 5.726417 2.208316  0.000039 7.716683
3.367181 578.85795 1119.5868 5.743032 2.208316  0.000031 7.781810
3.374286 581.20975 1124.3234 5.729740 2.208974  0.000027 7.841016
3.371128 581.20975 1128.1390 5.736386 2.208316  0.000025 7.899041
3.400732 586.99905 1131.8230 5.762959 2.210290  0.000022 7.944037
3.414941 590.43655 1135.9676 5.799511 2.211606  0.000026 7.979562
3.421256 592.24550 1140.5726 5.809470 2.211606  0.000025 8.005612
3.415336 592.42645 1145.1776 5.859303 2.210948  0.000025 8.029296
3.413758 592.60740 1149.7168 5.852657 2.212264  0.000023 8.038768
3.413758 593.87350 1153.9930 5.892522 2.210948  0.000025 8.045874
3.422441 595.32110 1157.9402 5.925751 2.210948  0.000025 8.047058
3.457571 599.48185 1161.8214 5.939032 2.208974  0.000022 8.045874
3.480464 604.54735 1165.1766 6.018772 2.210290  0.000023 8.039952
2.435262 352.35860 1169.7816 5.952324 2.210948  0.000016 8.035214
0.047641   4.10630 1159.1242 4.892551 2.256998  0.005392 7.968902
0.014485  -1.13850 1121.8220 4.812751 2.308960  0.008199 7.807860
0.008171  -1.67750 1079.9820 4.816084 2.339220  0.007114 7.582874['26.авг.02', '021', 'г.', '8:', '48']
['5,0', '45', '0', '1', '0,000', 'V', '0', '1', '0,0', '00', 'V', '2', '1', '6']
0.008564   1.57355  571.7226 5.025437 0.012378  0.000002 6.660428
0.009749   1.39260  571.8542 5.088562 0.010406  0.000013 6.547936
0.180265  13.33310  572.0514 5.071947 0.010406  0.000098 6.449652
0.214211  15.32300  571.9856 5.081916 0.020274  0.000919 6.362024
0.249734  17.85575  572.0514 5.048697 0.022248  0.000368 6.282688
0.271049  19.48375  571.6568 5.052020 0.018958  0.000148 6.210457
0.293153  21.29325  571.9856 5.068624 0.021590  0.000064 6.144145
0.326704  23.46410  571.8542 5.058666 0.018958  0.000034 6.080198
0.351176  26.17780  571.9198 5.068624 0.022248  0.000018 6.026915
0.385516  28.71055  571.8542 5.028760 0.021590  0.000014 5.974812
0.410778  30.51950  571.9198 5.032083 0.022904  0.000012 5.929816
0.448276  33.23320  571.9856 5.045374 0.018300 -0.000004 5.759298
0.479458  36.12785  572.3146 5.088562 0.021590  0.000019 5.846926
0.513008  38.66060  572.1172 5.128426 0.022248  0.000013 5.809032
0.557611  42.27850  571.9856 5.135072 0.028826  0.001346 5.779429
0.598661  45.89695  572.2488 5.155010 0.032774  0.000529 5.746273
0.636158  49.51485  572.1172 5.178260 0.039352  0.001479 5.717855
0.680761  53.49520  572.0514 5.191552 0.041324  0.000568 5.689433
0.715891  56.75120  572.2488 5.248031 0.053166  0.001404 5.661014
0.760099  60.91250  572.0514 5.274604 0.049220  0.000535 5.634965
0.810622  64.71135  572.1830 5.291218 0.062376  0.001580 5.616018
0.863908  69.77685  572.3146 5.297854 0.062376  0.000623 5.595887
0.907326  75.56615  572.2488 5.331083 0.072902  0.001440 5.580493
0.968507  80.26975  572.1172 5.354333 0.070928  0.000563 5.566284
1.028108  85.87810  572.2488 5.407490 0.079480  0.001615 5.553259
1.084948  91.84780  572.1830 5.400844 0.080138  0.000637 5.540231
1.144549  98.36090  571.9856 5.434073 0.083428  0.000255 5.531944
1.210072 104.33060  571.8542 5.450677 0.089348  0.001492 5.521288
1.254280 111.20505  571.9856 5.460646 0.088690  0.000573 5.514181
1.334801 118.98425  571.6568 5.470614 0.091980  0.000230 5.504710
1.396376 126.76345  572.2488 5.493865 0.090664  0.000092 5.499972
1.444926 133.99980  572.1830 5.517125 0.093296  0.000043 5.498788
1.498212 141.59805  571.9856 5.517125 0.090006  0.000025 5.498788
1.558603 149.37725  571.9198 5.510479 0.091980  0.000017 5.499972
1.617810 158.60350  572.3804 5.553667 0.091322  0.000013 5.502341
1.685701 167.46840  572.1830 5.540375 0.090664  0.000016 5.505894
1.716094 172.53390  572.5120 5.560313 0.093296  0.000016 5.510628
1.759117 179.40835  572.1172 5.583563 0.092638  0.000016 5.511812
1.784774 184.65480  572.3146 5.600177 0.090664  0.000016 5.512997
1.804510 187.91135  572.0514 5.610146 0.090006  0.000017 5.509444
1.844376 194.60485  572.2488 5.610146 0.091322  0.000017 5.505894
1.877137 200.21320  571.9856 5.633396 0.091322  0.000017 5.501156
1.903978 205.64060  572.2488 5.646688 0.092638  0.000016 5.491681
1.930423 210.34420  572.0514 5.669938 0.089348  0.000018 5.485763
1.967526 216.49485  572.1172 5.673261 0.091980  0.000021 5.476288
1.991999 222.46510  572.1830 5.679907 0.089348  0.000019 5.463263
2.024760 226.08300  572.1830 5.716448 0.092638  0.000019 5.451422
2.056337 233.13895  572.0514 5.733063 0.091980  0.000023 5.440763
2.090677 238.02350  571.9198 5.762959 0.092638  0.000023 5.427738
2.124228 244.35510  571.9856 5.769605 0.087374  0.000021 5.417082
2.168436 251.22955  571.8542 5.802824 0.092638  0.000022 5.405242
2.196854 257.01885  572.2488 5.796188 0.092638  0.000019 5.398135
2.224484 262.26530  571.9198 5.806147 0.093296  0.000022 5.386295
2.258035 268.77785  571.9856 5.852657 0.088690  0.000018 5.376820
2.288429 274.92905  571.9198 5.852657 0.091980  0.000017 5.372086
2.328689 282.34635  572.1172 5.889209 0.093296  0.000018 5.363795
2.370529 290.12555  572.0514 5.925751 0.091322  0.000013 5.360242
2.408816 296.45715  572.3804 5.949001 0.089348  0.000012 5.353139
2.445130 305.14110  572.1172 5.949001 0.091980  0.000009 5.348401
2.481443 312.19650  571.8542 5.978907 0.090664  0.000012 5.348401
2.516968 319.25190  572.0514 6.012126 0.090006  0.000012 5.350770
2.561176 326.85015  572.4462 6.042022 0.091322  0.000013 5.351954
2.597884 335.53410  572.2488 6.061959 0.091322  0.000013 5.359057
2.626303 343.49370  571.5252 6.065282 0.088690  0.000014 5.367348
2.670906 351.99670  572.1172 6.095178 0.090006  0.000018 5.370901
2.711166 359.23305  571.9198 6.128397 0.092638  0.000017 5.375635
2.753401 369.00215  572.0514 6.148335 0.092638  0.000018 5.379188
2.783004 376.78135  572.3146 6.141689 0.090006  0.000019 5.376820
2.829581 385.64625  572.1172 6.201491 0.091322  0.000018 5.373270
2.689852 366.65035  582.1824 6.198168 0.092638  0.000019 5.376820
2.497626 338.79010  592.0504 6.168272 0.091322  0.000021 5.372086
2.382764 323.23225  597.1816 6.138366 0.091980  0.000019 5.361426
2.312900 312.19650  600.2078 6.138366 0.090006  0.000018 5.350770
2.334610 315.45305  602.2470 6.164949 0.087374  0.000017 5.337745
2.414342 330.10670  603.2338 6.188199 0.089348  0.000012 5.322352
2.443156 335.71505  606.8520 6.188199 0.089348  0.000012 5.310508
2.451050 338.42820  610.4044 6.188199 0.089348  0.000013 5.301036
2.450656 338.60915  614.8780 6.201491 0.090664  0.000016 5.290380
2.444735 338.97105  619.0224 6.184876 0.090006  0.000014 5.277352
2.452235 340.23770  622.7064 6.201491 0.091980  0.000013 5.270249
2.446709 341.86570  626.9824 6.198168 0.092638  0.000013 5.259589
2.462497 345.12225  630.8638 6.188199 0.082112 -0.000734 5.246564
2.473549 347.47405  635.1398 6.194845 0.081454 -0.000705 5.235908
2.481443 349.28300  639.2186 6.194845 0.079480 -0.000258 5.222884
2.470391 349.10205  643.4288 6.201491 0.082112 -0.000088 5.211040
2.477891 351.27290  647.6392 6.238033 0.080138 -0.000029 5.196830
2.484601 352.72050  652.0468 6.214772 0.082112 -0.000006 5.180252
2.482627 352.90145  656.5202 6.231387 0.082770  0.000010 5.166043
2.490917 355.79610  660.8622 6.218095 0.081454  0.000013 5.150650
2.499600 357.96695  664.2172 6.228064 0.081454  0.000006 5.134072
2.499600 359.59495  669.0196 6.221418 0.080796  0.000013 5.112756
2.509468 362.12770  673.2298 6.224741 0.081454  0.000010 5.097362
2.511836 362.12770  677.5060 6.234710 0.075534 -0.000721 5.078419
2.517362 364.11760  681.8478 6.228064 0.072244 -0.000750 5.060657
2.524862 366.65035  685.7950 6.224741 0.073560 -0.000269 5.047628
2.532756 368.45930  689.9394 6.231387 0.071586 -0.000091 5.035788
2.537492 369.54500  694.6760 6.228064 0.072902 -0.000021 5.020394
2.528809 370.44975  698.8862 6.238033 0.068298  0.000004 5.005001
2.538677 372.43965  703.0966 6.238033 0.071586  0.000017 4.988423
2.543808 374.06765  707.3726 6.224741 0.073560  0.000019 4.976582
2.552886 375.87660  711.9118 6.248001 0.072902  0.000021 4.961189
2.555650 377.32420  716.0564 6.254647 0.069612  0.000022 4.948164
2.558017 377.50515  720.1350 6.261283 0.068954  0.000023 4.938689
2.558017 379.67600  724.4770 6.251324 0.070270  0.000021 4.932767
2.564333 381.12305  728.6872 6.257970 0.065666 -0.000499 4.920926
2.573017 384.74150  732.8318 6.254647 0.061060 -0.000682 4.913824
2.589200 387.63615  736.5814 6.261283 0.057772 -0.000495 4.909086
2.591963 388.35995  740.5944 6.261283 0.061060 -0.000178 4.904348
2.584464 387.99805  745.8572 6.244678 0.060402 -0.000053 4.901980
2.593147 390.53080  749.4098 6.251324 0.060402 -0.000004 4.901980
2.604989 393.24450  753.4884 6.257970 0.061060  0.000013 4.900795
2.603410 393.24450  758.2250 6.257970 0.062376  0.000018 4.905533
2.609330 395.05345  762.3038 6.257970 0.061060  0.000022 4.901980
2.623146 397.76715  766.3824 6.261283 0.059086  0.000023 4.909086
2.619593 398.49040  770.2638 6.261283 0.061060  0.000023 4.910270
2.629460 400.48085  774.8688 6.261283 0.059744  0.000023 4.915008
2.635776 402.65170  778.9476 6.251324 0.062376  0.000023 4.922111
2.643671 403.73685  783.1578 6.261283 0.063692  0.000021 4.930402
2.659459 407.17435  787.0392 6.251324 0.063692  0.000022 4.941058
2.659064 407.17435  791.5126 6.231387 0.060402  0.000021 4.948164
2.655907 408.26005  795.7230 6.228064 0.061718  0.000021 4.957636
2.660644 409.34520  799.9332 6.194845 0.062376  0.000019 4.965923
2.680774 413.14460  803.7488 6.204814 0.061060  0.000017 4.975398
2.690246 415.67735  808.1564 6.178231 0.059744  0.000014 4.983685
2.687879 415.31545  812.1694 6.158303 0.061718  0.000013 4.991976
2.693010 417.12440  816.3796 6.141689 0.061060  0.000010 5.005001
2.707614 418.93335  820.5900 6.101824 0.063692  0.000013 5.016841
2.711561 421.28515  824.7344 6.075251 0.059086  0.000016 5.038157
2.721035 422.37085  829.1420 6.048668 0.059086  0.000021 5.049997
2.724192 422.55180  833.0892 5.985543 0.063034  0.000023 5.065391
2.732087 424.72265  837.4310 5.955647 0.061060  0.000023 5.083153
2.753006 427.61730  841.4440 5.885886 0.059086  0.000027 5.094997
2.766426 429.96910  845.0622 5.862626 0.059086  0.000210 5.110391
2.769979 432.13995  849.6672 5.789542 0.064350  0.000579 5.123416
2.777083 432.32090  854.4038 5.726417 0.071586  0.000727 5.139994
2.787740 434.67270  858.0220 5.666615 0.069612  0.000338 5.153018
2.809451 437.92925  862.1666 5.610146 0.071586  0.000134 5.168412
2.818134 438.47155  866.5084 5.517125 0.072244  0.000059 5.187359
2.825634 440.10010  870.5214 5.454000 0.070928  0.000029 5.201568
2.846554 443.35610  874.1396 5.380916 0.066982  0.000018 5.218146
2.856816 443.71800  878.7446 5.304500 0.071586  0.000014 5.233540
2.867868 444.98465  883.1522 5.211479 0.071586  0.000014 5.245380
2.885630 448.24120  887.0994 5.158322 0.072244  0.000016 5.257224
2.898260 449.32635  891.5728 5.125104 0.081454  0.001426 5.270249
2.911681 451.13530  895.5858 5.098530 0.078824  0.000727 5.283274
2.923523 452.58290  899.4014 5.065312 0.088032  0.001208 5.292745
2.948784 457.46745  903.1512 5.055343 0.109084  0.003017 5.310508
2.962994 459.45735  907.6246 5.065312 0.131452  0.003943 5.319983
2.958257 459.09545  912.2954 5.065312 0.161712  0.005413 5.333008
2.955889 460.18115  916.1110 5.085239 0.199870  0.006331 5.341295
2.962994 463.25675  920.3870 5.121781 0.231446  0.006915 5.353139
2.977993 466.15085  924.4658 5.151687 0.270260  0.007524 5.368532
2.984309 468.32170  928.3472 5.198197 0.314336  0.007868 5.382742
2.989440 469.58835  932.4916 5.224770 0.358412  0.008880 5.398135
2.987861 470.67405  937.1624 5.234739 0.405778  0.009580 5.411160
2.995361 473.02585  941.2412 5.277927 0.455118  0.009608 5.423000
3.006018 477.18660  945.0568 5.277927 0.505116  0.010349 5.440763
3.012334 477.91040  949.2670 5.294541 0.564980  0.010960 5.454976
3.012728 479.53840  953.4116 5.334406 0.622214  0.011197 5.473919
3.030095 484.24200  957.3588 5.377594 0.680106  0.011861 5.492866
3.034043 485.87000  961.0426 5.364302 0.743918  0.012207 5.516550
3.039569 488.22235  965.6476 5.407490 0.807732  0.012931 5.534312
3.049042 490.93550  969.1344 5.394198 0.880754  0.013662 5.557993
3.058514 493.83015  973.2790 5.427427 0.951802  0.014079 5.580493
3.071146 496.54385  977.6208 5.437386 1.030088  0.015167 5.608912
3.060094 495.45870  981.6994 5.460646 1.110346  0.015875 5.636149
3.064435 498.35280  985.8440 5.470614 1.187316  0.016599 5.670486
3.078644 501.60935  989.9886 5.483896 1.279418  0.017337 5.702458
3.092855 505.77010  993.7382 5.497188 1.370202  0.017795 5.736798
3.085750 505.58970  997.8828 5.490542 1.468222  0.018753 5.775876
3.123247 513.54930 1001.1064 5.483896 1.565586  0.019973 5.814954
3.124432 514.81595 1005.9086 5.480583 1.674792  0.021679 5.858766
3.120485 516.26300 1010.7110 5.523771 1.794522  0.022809 5.906131
3.132326 518.43385 1014.2636 5.513802 1.912280  0.022984 5.952312
3.137852 521.50945 1018.4738 5.556990 2.008984  0.021642 6.003230
3.139432 524.22315 1022.6840 5.583563 2.089900  0.017953 6.051780
3.155614 527.66065 1026.7628 5.650011 2.131346  0.012299 6.106252
3.165088 530.19340 1030.7100 5.663302 2.151082  0.006793 6.159539
3.174166 532.90710 1034.9862 5.699844 2.162924  0.003544 6.218744
3.182850 535.25890 1039.3938 5.736386 2.170818  0.002310 6.277950
3.186007 538.69585 1043.5382 5.729740 2.180028  0.002240 6.349000
3.205744 541.95240 1047.6170 5.736386 2.180686  0.000879 6.420049
3.206927 543.39945 1051.6300 5.743032 2.180028  0.000358 6.495833
3.229426 547.92265 1055.5770 5.719771 2.190554  0.001300 6.576354
3.224689 547.74170 1060.5110 5.733063 2.191870  0.000796 6.662797
3.229426 549.00780 1065.1818 5.753000 2.192528  0.000331 6.752790
3.242057 550.81675 1069.1948 5.736386 2.189896  0.000143 6.836864
3.262187 555.70185 1072.8788 5.733063 2.191212  0.000080 6.917389
3.276791 559.13880 1076.8918 5.729740 2.197790  0.001196 7.007382
3.284686 560.58640 1081.6284 5.739709 2.197790  0.000744 7.093825
3.285080 560.94775 1086.1018 5.699844 2.197134  0.000310 7.177900
3.282318 560.58640 1090.3120 5.713126 2.199106  0.000134 7.260790
3.292580 563.48050 1094.1934 5.699844 2.210290  0.001601 7.341311
3.320210 567.82275 1098.0748 5.706490 2.210290  0.000659 7.419463
3.325342 569.99360 1102.8114 5.699844 2.211606  0.000268 7.497616
3.334420 571.62160 1107.3506 5.703167 2.210948  0.000117 7.574587
3.341130 573.25015 1111.2978 5.749678 2.210948  0.000060 7.645633
3.362839 578.31510 1115.1134 5.726417 2.208316  0.000039 7.716683
3.367181 578.85795 1119.5868 5.743032 2.208316  0.000031 7.781810
3.374286 581.20975 1124.3234 5.729740 2.208974  0.000027 7.841016
3.371128 581.20975 1128.1390 5.736386 2.208316  0.000025 7.899041
3.400732 586.99905 1131.8230 5.762959 2.210290  0.000022 7.944037
3.414941 590.43655 1135.9676 5.799511 2.211606  0.000026 7.979562
3.421256 592.24550 1140.5726 5.809470 2.211606  0.000025 8.005612
3.415336 592.42645 1145.1776 5.859303 2.210948  0.000025 8.029296
3.413758 592.60740 1149.7168 5.852657 2.212264  0.000023 8.038768
3.413758 593.87350 1153.9930 5.892522 2.210948  0.000025 8.045874
3.422441 595.32110 1157.9402 5.925751 2.210948  0.000025 8.047058
3.457571 599.48185 1161.8214 5.939032 2.208974  0.000022 8.045874
3.480464 604.54735 1165.1766 6.018772 2.210290  0.000023 8.039952
2.435262 352.35860 1169.7816 5.952324 2.210948  0.000016 8.035214
0.047641   4.10630 1159.1242 4.892551 2.256998  0.005392 7.968902
0.014485  -1.13850 1121.8220 4.812751 2.308960  0.008199 7.807860
0.008171  -1.67750 1079.9820 4.816084 2.339220  0.007114 7.582874